6000 600 31 26
0 270 300 30
340 250 200 30
600 320 400 30
600 150 500 30
670 121 230 30
1300 200 300 30
1150 380 300 30
1180 180 80 30
1520 320 500 30
1770 291 200 30
1960 180 200 30
2080 380 300 30
2400 320 350 30
2210 150 550 30
2800 360 100 30
2950 400 180 30 
3150 360 400 30
3300 331 250 30
3450 302 100 30
3650 230 250 30
4050 180 500 30
3950 330 200 30
4200 350 150 30
4400 340 250 30
4700 250 200 30
4980 180 150 30
5160 250 170 30
5360 270 300 30
5700 250 200 30
5960 320 40 30
5960 150 40 30
1080 178 10 35
1030 178 15 20
1190 208 20 40
1230 208 10 35
1315 228 10 40
1335 228 10 50
1500 161 40 40
1700 281 40 40
2130 208 13 30
2100 408 10 50
2140 408 21 45
2175 408 8 35
2300 341 40 40
2220 178 20 45
2260 178 10 50
2295 178 8 35
2510 111 40 40
4350 141 40 40
4600 301 40 40
3750 258 10 50
3800 258 20 35
3880 258 8 40
5000 141 40 40
630 178 15 50
680 178 10 35
850 282 40 40